#Layer_Color=16711935
#
#Feature symbol names
#
$0 r7.874

#
#Feature attribute names
#

#
#Layer features
#
L -5.1535439 2.0669285 -5.1535431 2.064579 0 P 0
L -5.1535442 2.0692778 -5.1535439 2.0669285 0 P 0
L -5.1553406 2.0602374 -5.1535431 2.064579 0 P 0
L -5.1553427 2.0736183 -5.1535442 2.0692778 0 P 0
L -5.1586633 2.0569147 -5.1553406 2.0602374 0 P 0
L -5.1586653 2.0769402 -5.1553427 2.0736183 0 P 0
L -5.1614179 -0.0393707 -5.1614171 -0.0417202 0 P 0
L -5.161418 -2.0669297 -5.1614172 -2.0692792 0 P 0
L -5.1614182 -0.0370214 -5.1614179 -0.0393707 0 P 0
L -5.1614183 -2.0645804 -5.161418 -2.0669297 0 P 0
L -5.1630049 2.0551172 -5.1586633 2.0569147 0 P 0
L -5.1630062 2.0787379 -5.1586653 2.0769402 0 P 0
L -5.1632146 -0.0460618 -5.1614171 -0.0417202 0 P 0
L -5.1632147 -2.0736208 -5.1614172 -2.0692792 0 P 0
L -5.1632167 -0.0326809 -5.1614182 -0.0370214 0 P 0
L -5.1632168 -2.0602399 -5.1614183 -2.0645804 0 P 0
L -5.1653544 2.055118 -5.1630049 2.0551172 0 P 0
L -5.1653554 2.0787377 -5.1630062 2.0787379 0 P 0
L -5.1653554 2.0787377 -5.1653554 2.0787378 0 P 0
L -5.1665373 -0.0493845 -5.1632146 -0.0460618 0 P 0
L -5.1665374 -2.0769435 -5.1632147 -2.0736208 0 P 0
L -5.1665393 -0.029359 -5.1632167 -0.0326809 0 P 0
L -5.1665394 -2.056918 -5.1632168 -2.0602399 0 P 0
L -5.1708789 -0.051182 -5.1665373 -0.0493845 0 P 0
L -5.170879 -2.078741 -5.1665374 -2.0769435 0 P 0
L -5.1708802 -0.0275613 -5.1665393 -0.029359 0 P 0
L -5.1708803 -2.0551203 -5.1665394 -2.056918 0 P 0
L -5.1732284 -0.0511812 -5.1708789 -0.051182 0 P 0
L -5.1732285 -2.0787402 -5.170879 -2.078741 0 P 0
L -5.1732294 -0.0275615 -5.1708802 -0.0275613 0 P 0
L -5.1732294 -0.0275615 -5.1732294 -0.0275614 0 P 0
L -5.1732295 -2.0551205 -5.1708803 -2.0551203 0 P 0
L -5.1732295 -2.0551205 -5.1732295 -2.0551204 0 P 0
L -5.2283377 2.2145606 -5.2283371 2.218478 0 P 0
L -5.2283451 2.0787393 -5.1653554 2.0787378 0 P 0
L -5.2283451 2.0787393 -5.2283377 2.2145606 0 P 0
L -5.2283463 2.0551166 -5.1653544 2.055118 0 P 0
L -5.2283537 1.9192854 -5.2283463 2.0551166 0 P 0
L -5.2283538 1.9192856 -5.2283535 1.9153717 0 P 0
L -5.2283538 1.9192856 -5.2283537 1.9192854 0 P 0
L -5.2313353 2.2257165 -5.2283371 2.218478 0 P 0
L -5.2313486 1.9081396 -5.2283535 1.9153717 0 P 0
L -5.2362084 0.1869907 -5.2362084 0.1909092 0 P 0
L -5.2362118 -1.9192976 -5.2362112 -1.9153802 0 P 0
L -5.2362192 -2.0551189 -5.1732295 -2.0551204 0 P 0
L -5.2362192 -2.0551189 -5.2362118 -1.9192976 0 P 0
L -5.2362195 -0.0275599 -5.1732294 -0.0275614 0 P 0
L -5.2362195 -0.0275599 -5.2362084 0.1869907 0 P 0
L -5.2362204 -2.0787416 -5.1732285 -2.0787402 0 P 0
L -5.2362207 -0.0511826 -5.1732284 -0.0511812 0 P 0
L -5.2362277 -0.1870132 -5.2362207 -0.0511826 0 P 0
L -5.2362278 -0.1870131 -5.2362274 -0.1909271 0 P 0
L -5.2362278 -0.1870131 -5.2362277 -0.1870132 0 P 0
L -5.2362278 -2.2145728 -5.2362204 -2.0787416 0 P 0
L -5.2362279 -2.2145726 -5.2362276 -2.2184865 0 P 0
L -5.2362279 -2.2145726 -5.2362278 -2.2145728 0 P 0
L -5.2368762 2.2312558 -5.2313353 2.2257165 0 P 0
L -5.2368834 1.9026043 -5.2313486 1.9081396 0 P 0
L -5.2392071 0.1981497 -5.2362084 0.1909092 0 P 0
L -5.2392094 -1.9081417 -5.2362112 -1.9153802 0 P 0
L -5.2392225 -0.1981594 -5.2362274 -0.1909271 0 P 0
L -5.2392227 -2.2257186 -5.2362276 -2.2184865 0 P 0
L -5.2441151 1.8996083 -5.2368834 1.9026043 0 P 0
L -5.2441155 2.2342521 -5.2368762 2.2312558 0 P 0
L -5.2447482 0.2036917 -5.2392071 0.1981497 0 P 0
L -5.2447503 -1.9026024 -5.2392094 -1.9081417 0 P 0
L -5.2447573 -0.2036949 -5.2392225 -0.1981594 0 P 0
L -5.2447575 -2.2312539 -5.2392227 -2.2257186 0 P 0
L -5.248029 1.8996082 -5.2441151 1.8996083 0 P 0
L -5.2480327 2.5393698 0.2440916 2.5393705 0 P 0
L -5.2480328 -2.5393702 0.2440937 -2.5393701 0 P 0
L -5.2480329 2.2342505 -5.2441155 2.2342521 0 P 0
L -5.2480329 2.2342505 -5.2480328 2.2342507 0 P 0
L -5.25191 2.5393701 -5.2480327 2.5393698 0 P 0
L -5.2519103 -2.5393703 -5.2480328 -2.5393702 0 P 0
L -5.2519881 0.2066918 -5.2447482 0.2036917 0 P 0
L -5.2519892 -2.2342499 -5.2447575 -2.2312539 0 P 0
L -5.2519893 -0.2066908 -5.2447573 -0.2036949 0 P 0
L -5.2519896 -1.8996061 -5.2447503 -1.9026024 0 P 0
L -5.2559031 -2.23425 -5.2519892 -2.2342499 0 P 0
L -5.2559032 -0.2066909 -5.2519893 -0.2066908 0 P 0
L -5.2559066 0.2066925 -5.2519881 0.2066918 0 P 0
L -5.2559066 0.2066925 -5.2559066 0.2066926 0 P 0
L -5.255907 -1.8996077 -5.2519896 -1.8996061 0 P 0
L -5.255907 -1.8996077 -5.2559069 -1.8996075 0 P 0
L -5.2595158 2.5378575 -5.25191 2.5393701 0 P 0
L -5.259516 -2.5378575 -5.2519103 -2.5393703 0 P 0
L -5.2666803 2.5348901 -5.2595158 2.5378575 0 P 0
L -5.2666804 -2.5348899 -5.259516 -2.5378575 0 P 0
L -5.2731282 -2.5305815 -5.2666804 -2.5348899 0 P 0
L -5.2731282 2.5305818 -5.2666803 2.5348901 0 P 0
L -5.2786115 -2.525098 -5.2731282 -2.5305815 0 P 0
L -5.2786115 2.5250984 -5.2731282 2.5305818 0 P 0
L -5.2829196 -2.5186501 -5.2786115 -2.525098 0 P 0
L -5.2829197 2.5186505 -5.2786115 2.5250984 0 P 0
L -5.2858869 -2.5114856 -5.2829196 -2.5186501 0 P 0
L -5.285887 2.511486 -5.2829197 2.5186505 0 P 0
L -5.2873992 -0.2066929 -5.2559032 -0.2066909 0 P 0
L -5.2873992 -1.8996074 -5.2559069 -1.8996075 0 P 0
L -5.2873992 -1.8996074 -5.2873992 -0.2066929 0 P 0
L -5.2873992 -2.2342522 -5.2559031 -2.23425 0 P 0
L -5.2873992 -2.5000024 -5.2873992 -2.2342522 0 P 0
L -5.2873992 0.2066923 -5.2559066 0.2066926 0 P 0
L -5.2873992 0.2066923 -5.2873992 1.8996055 0 P 0
L -5.2873992 1.8996055 -5.248029 1.8996082 0 P 0
L -5.2873992 2.2342509 -5.2480328 2.2342507 0 P 0
L -5.2873992 2.2342509 -5.2873992 2.5000031 0 P 0
L -5.2873995 -2.5038798 -5.2858869 -2.5114856 0 P 0
L -5.2873995 -2.5038798 -5.2873992 -2.5000024 0 P 0
L -5.2873995 2.5038802 -5.285887 2.511486 0 P 0
L -5.2873995 2.5038802 -5.2873992 2.5000031 0 P 0
L 0.149606 -2.0645791 0.1496068 -2.0669286 0 P 0
L 0.149606 -2.0645791 0.1514035 -2.0602375 0 P 0
L 0.149606 0.0417201 0.1496068 0.0393706 0 P 0
L 0.149606 0.0417201 0.1514035 0.0460617 0 P 0
L 0.149606 2.0692791 0.1496068 2.0669296 0 P 0
L 0.149606 2.0692791 0.1514035 2.0736207 0 P 0
L 0.1496068 -2.0669286 0.1496071 -2.0692779 0 P 0
L 0.1496068 0.0393706 0.1496071 0.0370213 0 P 0
L 0.1496068 2.0669296 0.1496071 2.0645803 0 P 0
L 0.1496071 -2.0692779 0.1514056 -2.0736184 0 P 0
L 0.1496071 0.0370213 0.1514056 0.0326808 0 P 0
L 0.1496071 2.0645803 0.1514056 2.0602398 0 P 0
L 0.1514035 -2.0602375 0.1547262 -2.0569148 0 P 0
L 0.1514035 0.0460617 0.1547262 0.0493844 0 P 0
L 0.1514035 2.0736207 0.1547262 2.0769434 0 P 0
L 0.1514056 -2.0736184 0.1547282 -2.0769403 0 P 0
L 0.1514056 0.0326808 0.1547282 0.0293589 0 P 0
L 0.1514056 2.0602398 0.1547282 2.0569179 0 P 0
L 0.1547262 -2.0569148 0.1590678 -2.0551173 0 P 0
L 0.1547262 0.0493844 0.1590678 0.0511819 0 P 0
L 0.1547262 2.0769434 0.1590678 2.0787409 0 P 0
L 0.1547282 -2.0769403 0.1590691 -2.078738 0 P 0
L 0.1547282 0.0293589 0.1590691 0.0275612 0 P 0
L 0.1547282 2.0569179 0.1590691 2.0551202 0 P 0
L 0.1590678 -2.0551173 0.1614173 -2.0551181 0 P 0
L 0.1590678 0.0511819 0.1614173 0.0511811 0 P 0
L 0.1590678 2.0787409 0.1614173 2.0787401 0 P 0
L 0.1590691 -2.078738 0.1614183 -2.0787378 0 P 0
L 0.1590691 0.0275612 0.1614183 0.0275614 0 P 0
L 0.1590691 2.0551202 0.1614183 2.0551204 0 P 0
L 0.1614173 -2.0551181 0.2244093 -2.0551167 0 P 0
L 0.1614173 0.0511811 0.2244097 0.0511825 0 P 0
L 0.1614173 2.0787401 0.2244093 2.0787415 0 P 0
L 0.1614183 -2.0787378 0.1614184 -2.0787378 0 P 0
L 0.1614183 0.0275614 0.1614184 0.0275614 0 P 0
L 0.1614183 2.0551204 0.1614184 2.0551204 0 P 0
L 0.1614184 -2.0787378 0.224408 -2.0787393 0 P 0
L 0.1614184 0.0275614 0.2244084 0.0275599 0 P 0
L 0.1614184 2.0551204 0.224408 2.0551189 0 P 0
L 0.2243973 -0.1869908 0.2244084 0.0275599 0 P 0
L 0.2243973 -0.1909093 0.2243973 -0.1869908 0 P 0
L 0.2243973 -0.1909093 0.227396 -0.1981498 0 P 0
L 0.2244 -2.2184781 0.2244006 -2.2145607 0 P 0
L 0.2244 -2.2184781 0.2273982 -2.2257166 0 P 0
L 0.2244 1.9153801 0.2244006 1.9192975 0 P 0
L 0.2244 1.9153801 0.2273982 1.9081416 0 P 0
L 0.2244006 -2.2145607 0.224408 -2.0787393 0 P 0
L 0.2244006 1.9192975 0.224408 2.0551189 0 P 0
L 0.2244093 -2.0551167 0.2244167 -1.9192856 0 P 0
L 0.2244093 2.0787415 0.2244167 2.2145726 0 P 0
L 0.2244097 0.0511825 0.2244167 0.1870131 0 P 0
L 0.2244163 0.190927 0.2244167 0.1870131 0 P 0
L 0.2244163 0.190927 0.2274114 0.1981593 0 P 0
L 0.2244164 -1.9153718 0.2244167 -1.9192856 0 P 0
L 0.2244164 -1.9153718 0.2274115 -1.9081397 0 P 0
L 0.2244164 2.2184864 0.2244167 2.2145726 0 P 0
L 0.2244164 2.2184864 0.2274115 2.2257185 0 P 0
L 0.2244167 -1.9192856 0.2244167 -1.9192854 0 P 0
L 0.2244167 -1.9192857 0.2244167 -1.9192854 0 P 0
L 0.2244167 -1.9192857 0.2244167 -1.9192856 0 P 0
L 0.2244167 0.187013 0.2244167 0.1870131 0 P 0
L 0.2244167 0.187013 0.2244167 0.1870132 0 P 0
L 0.2244167 0.1870131 0.2244167 0.1870132 0 P 0
L 0.2244167 2.2145725 0.2244167 2.2145726 0 P 0
L 0.2244167 2.2145725 0.2244167 2.2145728 0 P 0
L 0.2244167 2.2145726 0.2244167 2.2145728 0 P 0
L 0.227396 -0.1981498 0.2329371 -0.2036918 0 P 0
L 0.2273982 -2.2257166 0.2329391 -2.2312559 0 P 0
L 0.2273982 1.9081416 0.2329391 1.9026023 0 P 0
L 0.2274114 0.1981593 0.2329462 0.2036948 0 P 0
L 0.2274115 -1.9081397 0.2329463 -1.9026044 0 P 0
L 0.2274115 2.2257185 0.2329463 2.2312538 0 P 0
L 0.2329371 -0.2036918 0.240177 -0.2066919 0 P 0
L 0.2329391 -2.2312559 0.2401784 -2.2342522 0 P 0
L 0.2329391 1.9026023 0.2401784 1.899606 0 P 0
L 0.2329462 0.2036948 0.2401782 0.2066907 0 P 0
L 0.2329463 -1.9026044 0.240178 -1.8996084 0 P 0
L 0.2329463 2.2312538 0.240178 2.2342498 0 P 0
L 0.240177 -0.2066919 0.2440955 -0.2066926 0 P 0
L 0.240178 -1.8996084 0.2440919 -1.8996083 0 P 0
L 0.240178 2.2342498 0.2440919 2.2342499 0 P 0
L 0.2401782 0.2066907 0.2440921 0.2066908 0 P 0
L 0.2401784 -2.2342522 0.2440958 -2.2342506 0 P 0
L 0.2401784 1.899606 0.2440958 1.8996076 0 P 0
L 0.2440916 2.5393705 0.2479694 2.5393705 0 P 0
L 0.2440919 -1.8996083 0.2834672 -1.8996055 0 P 0
L 0.2440919 2.2342499 0.2834672 2.2342527 0 P 0
L 0.2440921 0.2066908 0.2834672 0.2066934 0 P 0
L 0.2440937 -2.5393701 0.2479716 -2.5393702 0 P 0
L 0.2440955 -0.2066926 0.2440956 -0.2066926 0 P 0
L 0.2440956 -0.2066926 0.2834672 -0.2066922 0 P 0
L 0.2440958 -2.2342507 0.2440958 -2.2342506 0 P 0
L 0.2440958 -2.2342507 0.2834672 -2.2342509 0 P 0
L 0.2440958 1.8996075 0.2440958 1.8996076 0 P 0
L 0.2440958 1.8996075 0.2834672 1.8996073 0 P 0
L 0.2479694 2.5393705 0.2555767 2.5378579 0 P 0
L 0.2479716 -2.5393702 0.2555784 -2.5378571 0 P 0
L 0.2555767 2.5378579 0.2627427 2.5348902 0 P 0
L 0.2555784 -2.5378571 0.2627439 -2.5348891 0 P 0
L 0.2627427 2.5348902 0.2691919 2.5305814 0 P 0
L 0.2627439 -2.5348891 0.2691927 -2.5305801 0 P 0
L 0.2691919 2.5305814 0.2746766 2.5250972 0 P 0
L 0.2691927 -2.5305801 0.2746769 -2.5250959 0 P 0
L 0.2746766 2.5250972 0.2789859 2.5186483 0 P 0
L 0.2746769 -2.5250959 0.2789858 -2.5186471 0 P 0
L 0.2789858 -2.5186471 0.2819538 -2.5114816 0 P 0
L 0.2789859 2.5186483 0.2819541 2.5114825 0 P 0
L 0.2819538 -2.5114816 0.2834668 -2.5038748 0 P 0
L 0.2819541 2.5114825 0.2834673 2.5038754 0 P 0
L 0.2834668 -2.5038748 0.2834672 -2.4999964 0 P 0
L 0.2834672 -1.8996055 0.2834672 -0.2066922 0 P 0
L 0.2834672 -2.4999964 0.2834672 -2.2342509 0 P 0
L 0.2834672 0.2066934 0.2834672 1.8996073 0 P 0
L 0.2834672 2.2342527 0.2834672 2.4999973 0 P 0
L 0.2834672 2.4999973 0.2834673 2.5038754 0 P 0
